0,0,0.111111,0.222222,0.333333,0.444444,0.555556,0.666667,0.777778,0.888889,1
0,6,3.77778,1.55556,0,0,1.77778,5.33333,8.88889,12.4444,16
0.00175879,6,3.77778,1.65053,0.221608,0.253266,2.03104,5.33333,8.88889,12.4444,16
0.00351759,6,3.79131,1.75002,0.429686,0.502023,2.24823,5.36941,8.88889,12.4444,16
0.00527638,6,3.81516,1.85273,0.628088,0.740486,2.44411,5.42616,8.89403,12.4444,16
0.00703518,6,3.84684,1.95783,0.818565,0.967176,2.62624,5.49537,8.90579,12.4452,16
0.00879397,6,3.88447,2.06464,1.00204,1.18236,2.79863,5.57248,8.92416,12.4474,16
0.0105528,6,3.9266,2.17252,1.17911,1.38693,2.96354,5.6548,8.9486,12.4516,16
0.0123116,6,3.97209,2.28089,1.35024,1.58193,3.12233,5.74064,8.9784,12.458,16
0.0140704,6,4.02006,2.38924,1.51583,1.76837,3.27589,5.82889,9.01286,12.4669,16
0.0158291,6,4.06979,2.49714,1.67623,1.94716,3.42483,5.91878,9.05134,12.4782,16
0.0175879,6,4.12073,2.60424,1.83178,2.11908,3.56961,6.00976,9.09326,12.4917,16
0.0193467,6,4.17241,2.71023,1.98275,2.28479,3.7106,6.10141,9.13813,12.5074,16
0.0211055,6,4.22447,2.8149,2.12942,2.44489,3.84807,6.19343,9.1855,12.5249,16
0.0228643,6,4.27661,2.91806,2.27202,2.59985,3.9823,6.28556,9.23499,12.5443,16
0.0246231,6,4.32858,3.01956,2.41076,2.75009,4.11348,6.37761,9.28625,12.5651,16
0.0263819,6,4.38021,3.11932,2.54583,2.89598,4.2418,6.46943,9.339,12.5873,16
0.0281407,6,4.43134,3.21725,2.67741,3.03783,4.36743,6.56088,9.39296,12.6108,16
0.0298995,6,4.48185,3.3133,2.80566,3.1759,4.49049,6.65186,9.44791,12.6352,16
0.0316583,6,4.53166,3.40746,2.93073,3.31043,4.61113,6.74228,9.50364,12.6605,16
0.0334171,6,4.58068,3.4997,3.05274,3.44164,4.72944,6.83206,9.55998,12.6865,16
0.0351759,6,4.62888,3.59002,3.17182,3.5697,4.84552,6.92114,9.61677,12.7131,16
0.0369347,6,4.67622,3.67844,3.28808,3.69477,4.95946,7.00947,9.67386,12.7403,16
0.0386935,6,4.72266,3.76498,3.40163,3.817,5.07134,7.097,9.73113,12.7678,16
0.0404523,6,4.7682,3.84965,3.51257,3.93652,5.18122,7.18368,9.78848,12.7957,16
0.0422111,6,4.81283,3.93248,3.62099,4.05345,5.28917,7.26949,9.84581,12.8238,16
0.0439698,6,4.85654,4.01352,3.72697,4.16788,5.39525,7.3544,9.90302,12.852,16
0.0457286,6,4.89934,4.0928,3.83061,4.27992,5.4995,7.43838,9.96006,12.8804,16
0.0474874,6,4.94124,4.17035,3.93197,4.38966,5.60197,7.5214,10.0168,12.9088,16
0.0492462,6,4.98225,4.24621,4.03113,4.49716,5.70271,7.60346,10.0733,12.9372,16
0.051005,6,5.02238,4.32043,4.12817,4.60252,5.80175,7.68454,10.1295,12.9655,16
0.0527638,6,5.06166,4.39304,4.22313,4.70579,5.89913,7.76462,10.1852,12.9938,16
0.0545226,6,5.10008,4.46409,4.3161,4.80703,5.99489,7.8437,10.2405,13.0219,16
0.0562814,6,5.13768,4.53361,4.40712,4.90632,6.08905,7.92176,10.2953,13.0499,16
0.0580402,6,5.17447,4.60165,4.49626,5.0037,6.18165,7.9988,10.3496,13.0778,16
0.059799,6,5.21047,4.66824,4.58356,5.09922,6.27271,8.07482,10.4033,13.1054,16
0.0615578,6,5.2457,4.73342,4.66909,5.19294,6.36226,8.14981,10.4566,13.1328,16
0.0633166,6,5.28018,4.79724,4.75288,5.28489,6.45034,8.22378,10.5092,13.16,16
0.0650754,6,5.31393,4.85972,4.83499,5.37513,6.53695,8.29672,10.5613,13.187,16
0.0668342,6,5.34696,4.92091,4.91546,5.4637,6.62214,8.36863,10.6127,13.2137,16
0.068593,6,5.3793,4.98083,4.99434,5.55063,6.70591,8.43952,10.6636,13.2401,16
0.0703518,6,5.41096,5.03952,5.07167,5.63596,6.7883,8.50939,10.7138,13.2662,16
0.0721106,6,5.44196,5.09701,5.14748,5.71974,6.86933,8.57824,10.7634,13.292,16
0.0738693,6,5.47232,5.15335,5.22181,5.80199,6.94901,8.64608,10.8123,13.3176,16
0.0756281,6,5.50205,5.20854,5.29471,5.88274,7.02737,8.71292,10.8606,13.3428,16
0.0773869,6,5.53117,5.26263,5.36621,5.96204,7.10443,8.77875,10.9083,13.3677,16
0.0791457,6,5.55971,5.31564,5.43634,6.0399,7.18021,8.8436,10.9553,13.3924,16
0.0809045,6,5.58766,5.36761,5.50513,6.11637,7.25473,8.90746,11.0016,13.4167,16
0.0826633,6,5.61506,5.41855,5.57261,6.19146,7.32801,8.97035,11.0473,13.4406,16
0.0844221,6,5.6419,5.46849,5.63883,6.26521,7.40006,9.03227,11.0924,13.4643,16
0.0861809,6,5.66821,5.51746,5.7038,6.33765,7.47092,9.09323,11.1368,13.4876,16
0.0879397,6,5.694,5.56548,5.76755,6.4088,7.54059,9.15325,11.1806,13.5106,16
0.0896985,6,5.71929,5.61258,5.83012,6.47868,7.6091,9.21232,11.2237,13.5333,16
0.0914573,6,5.74408,5.65877,5.89152,6.54733,7.67645,9.27047,11.2662,13.5557,16
0.0932161,6,5.76838,5.70408,5.95179,6.61476,7.74268,9.3277,11.3081,13.5778,16
0.0949749,6,5.79222,5.74853,6.01095,6.681,7.8078,9.38402,11.3493,13.5995,16
0.0967337,6,5.8156,5.79214,6.06902,6.74607,7.87183,9.43944,11.3899,13.6209,16
0.0984925,6,5.83853,5.83493,6.12603,6.80999,7.93477,9.49398,11.4298,13.642,16
0.100251,6,5.86102,5.87691,6.182,6.87279,7.99666,9.54764,11.4692,13.6628,16
0.10201,6,5.88308,5.91811,6.23695,6.93449,8.05751,9.60043,11.508,13.6832,16
0.103769,6,5.90473,5.95854,6.2909,6.9951,8.11733,9.65238,11.5461,13.7034,16
0.105528,6,5.92597,5.99822,6.34387,7.05466,8.17614,9.70347,11.5837,13.7232,16
0.107286,6,5.94681,6.03717,6.39589,7.11317,8.23396,9.75374,11.6206,13.7428,16
0.109045,6,5.96726,6.0754,6.44697,7.17065,8.2908,9.80319,11.657,13.762,16
0.110804,6,5.98733,6.11293,6.49713,7.22713,8.34668,9.85183,11.6928,13.781,16
0.112563,6,6.00703,6.14977,6.5464,7.28263,8.40161,9.89966,11.728,13.7996,16
0.114322,6,6.02636,6.18594,6.59478,7.33716,8.45562,9.94672,11.7627,13.8179,16
0.11608,6,6.04534,6.22145,6.6423,7.39073,8.5087,9.99299,11.7968,13.836,16
0.117839,6,6.06397,6.25632,6.68897,7.44338,8.56089,10.0385,11.8303,13.8538,16
0.119598,6,6.08226,6.29055,6.73481,7.49511,8.61219,10.0833,11.8633,13.8713,16
0.121357,6,6.10021,6.32417,6.77983,7.54593,8.66262,10.1273,11.8958,13.8885,16
0.123116,6,6.11784,6.35718,6.82406,7.59588,8.71219,10.1706,11.9277,13.9054,16
0.124874,6,6.13515,6.38959,6.8675,7.64496,8.76092,10.2131,11.9591,13.9221,16
0.126633,6,6.15215,6.42143,6.91017,7.69318,8.80883,10.255,11.99,13.9384,16
0.128392,6,6.16883,6.45269,6.9521,7.74057,8.85591,10.2961,12.0204,13.9546,16
0.130151,6,6.18522,6.4834,6.99328,7.78714,8.9022,10.3366,12.0503,13.9704,16
0.13191,6,6.20131,6.51356,7.03373,7.8329,8.94769,10.3764,12.0797,13.986,16
0.133668,6,6.21712,6.54318,7.07348,7.87786,8.99241,10.4155,12.1086,14.0014,16
0.135427,6,6.23264,6.57228,7.11253,7.92205,9.03637,10.454,12.1371,14.0164,16
0.137186,6,6.24788,6.60086,7.15089,7.96547,9.07958,10.4918,12.165,14.0313,16
0.138945,6,6.26285,6.62893,7.18858,8.00814,9.12205,10.529,12.1925,14.0459,16
0.140704,6,6.27756,6.65651,7.2256,8.05007,9.1638,10.5655,12.2196,14.0602,16
0.142462,6,6.292,6.68359,7.26199,8.09128,9.20483,10.6015,12.2462,14.0744,16
0.144221,6,6.30619,6.71021,7.29773,8.13178,9.24516,10.6368,12.2723,14.0882,16
0.14598,6,6.32013,6.73635,7.33285,8.17157,9.28481,10.6716,12.298,14.1019,16
0.147739,6,6.33382,6.76203,7.36736,8.21068,9.32377,10.7057,12.3233,14.1153,16
0.149497,6,6.34727,6.78726,7.40126,8.24911,9.36207,10.7393,12.3481,14.1285,16
0.151256,6,6.36048,6.81205,7.43458,8.28688,9.39972,10.7723,12.3726,14.1415,16
0.153015,6,6.37345,6.83641,7.46731,8.324,9.43672,10.8047,12.3966,14.1543,16
0.154774,6,6.3862,6.86033,7.49948,8.36047,9.47309,10.8366,12.4202,14.1668,16
0.156533,6,6.39873,6.88384,7.53108,8.39632,9.50883,10.868,12.4434,14.1791,16
0.158291,6,6.41104,6.90694,7.56214,8.43155,9.54397,10.8988,12.4663,14.1913,16
0.16005,6,6.42313,6.92963,7.59266,8.46617,9.5785,10.9291,12.4887,14.2032,16
0.161809,6,6.43501,6.95193,7.62264,8.50019,9.61244,10.9589,12.5108,14.2149,16
0.163568,6,6.44668,6.97384,7.65211,8.53363,9.6458,10.9881,12.5325,14.2265,16
0.165327,6,6.45814,6.99537,7.68106,8.56649,9.67859,11.0169,12.5538,14.2378,16
0.167085,6,6.46941,7.01652,7.70952,8.59878,9.71082,11.0452,12.5747,14.2489,16
0.168844,6,6.48048,7.0373,7.73748,8.63052,9.74249,11.073,12.5954,14.2599,16
0.170603,6,6.49135,7.05772,7.76495,8.66171,9.77363,11.1003,12.6156,14.2707,16
0.172362,6,6.50204,7.07779,7.79195,8.69236,9.80423,11.1272,12.6355,14.2812,16
0.174121,6,6.51254,7.09751,7.81849,8.72249,9.8343,11.1536,12.6551,14.2916,16
0.175879,6,6.52286,7.11689,7.84456,8.75209,9.86386,11.1796,12.6743,14.3019,16
0.177638,6,6.533,7.13593,7.87018,8.78119,9.89291,11.2051,12.6932,14.3119,16
0.179397,6,6.54296,7.15464,7.89536,8.80978,9.92147,11.2301,12.7118,14.3218,16
0.181156,6,6.55275,7.17302,7.92011,8.83788,9.94953,11.2548,12.7301,14.3315,16
0.182915,6,6.56237,7.19109,7.94442,8.8655,9.97711,11.279,12.7481,14.3411,16
0.184673,6,6.57182,7.20884,7.96832,8.89265,10.0042,11.3028,12.7657,14.3505,16
0.186432,6,6.58111,7.22629,7.99181,8.91932,10.0309,11.3262,12.7831,14.3597,16
0.188191,6,6.59024,7.24343,8.01488,8.94554,10.0571,11.3492,12.8002,14.3688,16
0.18995,6,6.59921,7.26028,8.03756,8.97131,10.0828,11.3719,12.8169,14.3777,16
0.191709,6,6.60802,7.27683,8.05985,8.99663,10.1081,11.3941,12.8334,14.3865,16
0.193467,6,6.61668,7.2931,8.08176,9.02152,10.133,11.4159,12.8496,14.3951,16
0.195226,6,6.62519,7.30909,8.10328,9.04597,10.1574,11.4374,12.8655,14.4035,16
0.196985,6,6.63356,7.3248,8.12444,9.07001,10.1814,11.4585,12.8812,14.4119,16
0.198744,6,6.64177,7.34025,8.14523,9.09364,10.205,11.4792,12.8966,14.4201,16
0.200503,6,6.64985,7.35542,8.16566,9.11685,10.2282,11.4996,12.9117,14.4281,16
0.202261,6,6.65779,7.37033,8.18574,9.13967,10.251,11.5197,12.9266,14.436,16
0.20402,6,6.66559,7.38499,8.20548,9.1621,10.2734,11.5394,12.9412,14.4438,16
0.205779,6,6.67326,7.39939,8.22487,9.18414,10.2955,11.5587,12.9555,14.4514,16
0.207538,6,6.68079,7.41354,8.24393,9.2058,10.3171,11.5777,12.9696,14.4589,16
0.209296,6,6.68819,7.42745,8.26266,9.22709,10.3384,11.5964,12.9835,14.4663,16
0.211055,6,6.69547,7.44112,8.28107,9.24801,10.3593,11.6148,12.9972,14.4736,16
0.212814,6,6.70262,7.45455,8.29916,9.26857,10.3798,11.6329,13.0106,14.4807,16
0.214573,6,6.70964,7.46776,8.31694,9.28878,10.4,11.6506,13.0237,14.4877,16
0.216332,6,6.71655,7.48073,8.33441,9.30864,10.4199,11.6681,13.0367,14.4946,16
0.21809,6,6.72333,7.49348,8.35159,9.32816,10.4394,11.6852,13.0494,14.5013,16
0.219849,6,6.73,7.50601,8.36846,9.34735,10.4586,11.7021,13.0619,14.508,16
0.221608,6,6.73656,7.51833,8.38505,9.3662,10.4774,11.7187,13.0742,14.5145,16
0.223367,6,6.743,7.53043,8.40135,9.38473,10.4959,11.7349,13.0863,14.521,16
0.225126,6,6.74933,7.54232,8.41737,9.40294,10.5141,11.7509,13.0982,14.5273,16
0.226884,6,6.75555,7.55401,8.43312,9.42084,10.532,11.7667,13.1098,14.5335,16
0.228643,6,6.76166,7.5655,8.44859,9.43843,10.5496,11.7821,13.1213,14.5396,16
0.230402,6,6.76767,7.57679,8.4638,9.45572,10.5669,11.7973,13.1326,14.5456,16
0.232161,6,6.77358,7.58789,8.47875,9.47271,10.5839,11.8123,13.1437,14.5515,16
0.23392,6,6.77938,7.59879,8.49343,9.48941,10.6006,11.8269,13.1545,14.5573,16
0.235678,6,6.78508,7.60951,8.50787,9.50582,10.617,11.8414,13.1652,14.563,16
0.237437,6,6.79069,7.62004,8.52206,9.52195,10.6331,11.8555,13.1758,14.5686,16
0.239196,6,6.7962,7.63039,8.536,9.5378,10.649,11.8695,13.1861,14.5741,16
0.240955,6,6.80161,7.64057,8.54971,9.55339,10.6645,11.8832,13.1963,14.5795,16
0.242714,6,6.80693,7.65057,8.56317,9.5687,10.6799,11.8966,13.2063,14.5848,16
0.244472,6,6.81216,7.66039,8.57641,9.58375,10.6949,11.9099,13.2161,14.59,16
0.246231,6,6.8173,7.67005,8.58942,9.59854,10.7097,11.9229,13.2257,14.5952,16
0.24799,6,6.82235,7.67954,8.60221,9.61307,10.7242,11.9356,13.2352,14.6002,16
0.249749,6,6.82731,7.68887,8.61477,9.62736,10.7385,11.9482,13.2445,14.6052,16
0.251508,6,6.83219,7.69804,8.62712,9.6414,10.7525,11.9605,13.2537,14.61,16
0.253266,6,6.83699,7.70704,8.63926,9.6552,10.7663,11.9727,13.2627,14.6148,16
0.255025,6,6.8417,7.7159,8.65119,9.66876,10.7799,11.9846,13.2715,14.6195,16
0.256784,6,6.84633,7.7246,8.66291,9.68209,10.7932,11.9963,13.2802,14.6242,16
0.258543,6,6.85088,7.73315,8.67443,9.69519,10.8063,12.0078,13.2888,14.6287,16
0.260302,6,6.85535,7.74156,8.68575,9.70807,10.8192,12.0191,13.2972,14.6332,16
0.26206,6,6.85975,7.74982,8.69688,9.72072,10.8319,12.0303,13.3054,14.6376,16
0.263819,6,6.86407,7.75794,8.70782,9.73316,10.8443,12.0412,13.3136,14.6419,16
0.265578,6,6.86831,7.76592,8.71857,9.74538,10.8565,12.052,13.3215,14.6461,16
0.267337,6,6.87249,7.77376,8.72914,9.75739,10.8685,12.0625,13.3294,14.6503,16
0.269095,6,6.87659,7.78147,8.73952,9.7692,10.8803,12.0729,13.3371,14.6544,16
0.270854,6,6.88062,7.78904,8.74972,9.7808,10.8919,12.0831,13.3446,14.6584,16
0.272613,6,6.88458,7.79649,8.75975,9.79221,10.9033,12.0931,13.3521,14.6624,16
0.274372,6,6.88847,7.8038,8.76961,9.80341,10.9145,12.103,13.3594,14.6663,16
0.276131,6,6.8923,7.81099,8.7793,9.81443,10.9256,12.1127,13.3666,14.6701,16
0.277889,6,6.89606,7.81806,8.78882,9.82525,10.9364,12.1222,13.3737,14.6739,16
0.279648,6,6.89976,7.82501,8.79817,9.83589,10.947,12.1315,13.3806,14.6776,16
0.281407,6,6.90339,7.83183,8.80737,9.84635,10.9575,12.1407,13.3874,14.6812,16
0.283166,6,6.90696,7.83854,8.81641,9.85663,10.9677,12.1498,13.3941,14.6848,16
0.284925,6,6.91047,7.84514,8.82529,9.86673,10.9778,12.1586,13.4007,14.6883,16
0.286683,6,6.91391,7.85162,8.83402,9.87666,10.9878,12.1674,13.4072,14.6917,16
0.288442,6,6.9173,7.85798,8.8426,9.88641,10.9975,12.176,13.4136,14.6951,16
0.290201,6,6.92063,7.86424,8.85104,9.896,11.0071,12.1844,13.4198,14.6984,16
0.29196,6,6.92391,7.8704,8.85932,9.90543,11.0165,12.1927,13.426,14.7017,16
0.293719,6,6.92712,7.87644,8.86747,9.91469,11.0258,12.2008,13.432,14.7049,16
0.295477,6,6.93029,7.88238,8.87547,9.92379,11.0349,12.2088,13.438,14.7081,16
0.297236,6,6.93339,7.88822,8.88334,9.93274,11.0439,12.2167,13.4438,14.7112,16
0.298995,6,6.93645,7.89396,8.89107,9.94153,11.0526,12.2244,13.4495,14.7142,16
0.300754,6,6.93945,7.8996,8.89867,9.95017,11.0613,12.232,13.4552,14.7172,16
0.302513,6,6.9424,7.90515,8.90614,9.95867,11.0698,12.2395,13.4607,14.7202,16
0.304271,6,6.9453,7.9106,8.91348,9.96701,11.0781,12.2468,13.4662,14.7231,16
0.30603,6,6.94815,7.91595,8.9207,9.97522,11.0863,12.254,13.4715,14.7259,16
0.307789,6,6.95095,7.92121,8.92779,9.98328,11.0944,12.2611,13.4768,14.7287,16
0.309548,6,6.9537,7.92639,8.93476,9.9912,11.1023,12.2681,13.482,14.7315,16
0.311307,6,6.9564,7.93147,8.94161,9.99899,11.1101,12.2749,13.487,14.7342,16
0.313065,6,6.95906,7.93647,8.94834,10.0066,11.1178,12.2817,13.492,14.7368,16
0.314824,6,6.96168,7.94138,8.95495,10.0142,11.1253,12.2883,13.4969,14.7395,16
0.316583,6,6.96424,7.9462,8.96146,10.0216,11.1327,12.2948,13.5018,14.742,16
0.318342,6,6.96677,7.95095,8.96785,10.0288,11.1399,12.3012,13.5065,14.7445,16
0.320101,6,6.96925,7.95561,8.97413,10.036,11.1471,12.3075,13.5112,14.747,16
0.321859,6,6.97169,7.96019,8.9803,10.043,11.1541,12.3136,13.5158,14.7495,16
0.323618,6,6.97408,7.96469,8.98636,10.0499,11.161,12.3197,13.5203,14.7519,16
0.325377,6,6.97644,7.96912,8.99233,10.0567,11.1678,12.3257,13.5247,14.7542,16
0.327136,6,6.97875,7.97347,8.99819,10.0633,11.1744,12.3315,13.529,14.7565,16
0.328894,6,6.98102,7.97774,9.00395,10.0699,11.181,12.3373,13.5333,14.7588,16
0.330653,6,6.98326,7.98194,9.00961,10.0763,11.1874,12.3429,13.5375,14.761,16
0.332412,6,6.98546,7.98607,9.01517,10.0826,11.1938,12.3485,13.5416,14.7632,16
0.334171,6,6.98762,7.99013,9.02064,10.0889,11.2,12.354,13.5457,14.7654,16
0.33593,6,6.98974,7.99412,9.02601,10.095,11.2061,12.3593,13.5497,14.7675,16
0.337688,6,6.99182,7.99804,9.03129,10.101,11.2121,12.3646,13.5536,14.7696,16
0.339447,6,6.99387,8.00189,9.03648,10.1069,11.218,12.3698,13.5574,14.7717,16
0.341206,6,6.99589,8.00567,9.04158,10.1127,11.2238,12.3749,13.5612,14.7737,16
0.342965,6,6.99787,8.0094,9.04659,10.1184,11.2295,12.3799,13.565,14.7756,16
0.344724,6,6.99981,8.01305,9.05152,10.124,11.2351,12.3849,13.5686,14.7776,16
0.346482,6,7.00173,8.01665,9.05636,10.1295,11.2406,12.3897,13.5722,14.7795,16
0.348241,6,7.00361,8.02018,9.06112,10.1349,11.246,12.3945,13.5757,14.7814,16
0.35,6,7.00545,8.02365,9.0658,10.1402,11.2513,12.3991,13.5792,14.7832,16
