0,0,0.111111,0.222222,0.333333,0.444444,0.555556,0.666667,0.777778,0.888889,1
0,6,3.77778,1.55556,0,0,1.77778,5.33333,8.88889,12.4444,16
0.0040404,6,3.77778,1.77374,0.509091,0.581818,2.3596,5.33333,8.88889,12.4444,16
0.00808081,6,3.84918,2.01572,0.946777,1.13983,2.751,5.52375,8.88889,12.4444,16
0.0121212,6,3.95304,2.26593,1.3598,1.60394,3.13115,5.71762,8.95121,12.4444,16
0.0161616,6,4.07081,2.52152,1.73625,2.02385,3.47782,5.92941,9.03618,12.4648,16
0.020202,6,4.19514,2.77156,2.08737,2.40557,3.80431,6.14383,9.14153,12.4997,16
0.0242424,6,4.31992,3.01355,2.41543,2.7592,4.1122,6.35923,9.2595,12.5462,16
0.0282828,6,4.44222,3.24534,2.72368,3.0895,4.4048,6.57302,9.38597,12.6009,16
0.0323232,6,4.56033,3.46632,3.01413,3.40024,4.68394,6.78402,9.51753,12.6612,16
0.0363636,6,4.67346,3.67637,3.28848,3.69399,4.95112,6.99132,9.65175,12.725,16
0.040404,6,4.78128,3.87575,3.54814,3.9727,5.2074,7.19431,9.78687,12.791,16
0.0444444,6,4.88378,4.06489,3.7943,4.23784,5.45358,7.39252,9.92158,12.8581,16
0.0484848,6,4.98109,4.24433,4.02801,4.49056,5.69026,7.58565,10.0549,12.9253,16
0.0525253,6,5.07343,4.41466,4.25019,4.73181,5.91794,7.77347,10.1862,12.9922,16
0.0565657,6,5.16107,4.57643,4.46164,4.96238,6.13702,7.95582,10.3149,13.0582,16
0.0606061,6,5.24429,4.7302,4.66308,5.18293,6.34783,8.13264,10.4407,13.1232,16
0.0646465,6,5.32337,4.87648,4.85518,5.39404,6.55071,8.30387,10.5632,13.1868,16
0.0686869,6,5.39856,5.01576,5.03851,5.59623,6.74592,8.46953,10.6824,13.2488,16
0.0727273,6,5.47012,5.14848,5.21359,5.78997,6.93375,8.62966,10.7981,13.3093,16
0.0767677,6,5.53827,5.27505,5.38091,5.97566,7.11444,8.78431,10.9103,13.3681,16
0.0808081,6,5.60324,5.39584,5.54091,6.15371,7.28825,8.93358,11.0189,13.4251,16
0.0848485,6,5.66521,5.5112,5.69399,6.32446,7.45542,9.07757,11.1239,13.4803,16
0.0888889,6,5.72437,5.62142,5.8405,6.48826,7.61617,9.21639,11.2254,13.5337,16
0.0929293,6,5.78089,5.72682,5.9808,6.6454,7.77074,9.35017,11.3234,13.5854,16
0.0969697,6,5.8349,5.82763,6.11518,6.79619,7.91935,9.47903,11.4179,13.6353,16
0.10101,6,5.88655,5.92412,6.24395,6.94089,8.06221,9.60313,11.5091,13.6835,16
0.105051,6,5.93598,6.0165,6.36737,7.07978,8.19954,9.72259,11.5969,13.73,16
0.109091,6,5.98328,6.10498,6.48569,7.21309,8.33152,9.83756,11.6816,13.7748,16
0.113131,6,6.02858,6.18975,6.59915,7.34107,8.45838,9.94818,11.7632,13.818,16
0.117172,6,6.07197,6.27099,6.70797,7.46392,8.58028,10.0546,11.8417,13.8596,16
0.121212,6,6.11355,6.34887,6.81236,7.58188,8.69743,10.157,11.9172,13.8997,16
0.125253,6,6.1534,6.42354,6.91251,7.69513,8.81,10.2554,11.9899,13.9383,16
0.129293,6,6.19161,6.49516,7.00861,7.80387,8.91817,10.35,12.0599,13.9754,16
0.133333,6,6.22824,6.56386,7.10084,7.90828,9.02209,10.441,12.1272,14.0111,16
0.137374,6,6.26338,6.62976,7.18935,8.00855,9.12195,10.5285,12.1919,14.0455,16
0.141414,6,6.29709,6.69299,7.27431,8.10483,9.21788,10.6126,12.2541,14.0785,16
0.145455,6,6.32943,6.75368,7.35587,8.1973,9.31005,10.6934,12.314,14.1103,16
0.149495,6,6.36046,6.81191,7.43416,8.28609,9.39859,10.771,12.3715,14.1408,16
0.153535,6,6.39024,6.86781,7.50933,8.37137,9.48366,10.8456,12.4268,14.1702,16
0.157576,6,6.41882,6.92147,7.5815,8.45327,9.56538,10.9174,12.4799,14.1985,16
0.161616,6,6.44625,6.97298,7.6508,8.53193,9.64388,10.9863,12.531,14.2256,16
0.165657,6,6.47259,7.02243,7.71733,8.60747,9.71929,11.0525,12.58,14.2517,16
0.169697,6,6.49787,7.0699,7.78123,8.68002,9.79174,11.1161,12.6272,14.2768,16
0.173737,6,6.52214,7.11549,7.84258,8.74971,9.86133,11.1772,12.6725,14.3009,16
0.177778,6,6.54545,7.15926,7.9015,8.81663,9.92818,11.2359,12.7161,14.324,16
0.181818,6,6.56782,7.20129,7.95808,8.88091,9.99239,11.2923,12.7579,14.3463,16
0.185859,6,6.58931,7.24165,8.01242,8.94265,10.0541,11.3465,12.7981,14.3677,16
0.189899,6,6.60994,7.28041,8.06461,9.00195,10.1133,11.3986,12.8367,14.3882,16
0.193939,6,6.62975,7.31763,8.11473,9.05891,10.1702,11.4486,12.8738,14.4079,16
0.19798,6,6.64877,7.35337,8.16286,9.11361,10.2249,11.4967,12.9095,14.4269,16
0.20202,6,6.66704,7.3877,8.20909,9.16616,10.2774,11.5428,12.9437,14.4451,16
0.206061,6,6.68459,7.42067,8.2535,9.21663,10.3279,11.5872,12.9766,14.4626,16
0.210101,6,6.70144,7.45233,8.29614,9.2651,10.3763,11.6298,13.0082,14.4794,16
0.214141,6,6.71762,7.48274,8.3371,9.31166,10.4229,11.6707,13.0386,14.4956,16
0.218182,6,6.73317,7.51195,8.37644,9.35638,10.4676,11.71,13.0677,14.5111,16
0.222222,6,6.7481,7.54,8.41422,9.39934,10.5105,11.7477,13.0958,14.526,16
0.226263,6,6.76243,7.56694,8.45051,9.44059,10.5518,11.784,13.1227,14.5403,16
0.230303,6,6.7762,7.59282,8.48537,9.48022,10.5914,11.8188,13.1485,14.5541,16
0.234343,6,6.78943,7.61767,8.51885,9.51829,10.6294,11.8523,13.1733,14.5673,16
0.238384,6,6.80213,7.64154,8.55101,9.55485,10.666,11.8844,13.1972,14.58,16
0.242424,6,6.81433,7.66447,8.58189,9.58997,10.7011,11.9153,13.2201,14.5922,16
0.246465,6,6.82605,7.68649,8.61156,9.6237,10.7348,11.945,13.2421,14.6039,16
0.250505,6,6.8373,7.70764,8.64005,9.6561,10.7672,11.9734,13.2633,14.6151,16
0.254545,6,6.84812,7.72796,8.66742,9.68722,10.7983,12.0008,13.2836,14.6259,16
0.258586,6,6.8585,7.74747,8.69371,9.71711,10.8282,12.0271,13.3031,14.6363,16
0.262626,6,6.86847,7.76621,8.71896,9.74582,10.8569,12.0523,13.3218,14.6463,16
0.266667,6,6.87805,7.78422,8.74322,9.7734,10.8845,12.0766,13.3398,14.6558,16
0.270707,6,6.88725,7.80151,8.76651,9.79989,10.911,12.0999,13.3571,14.665,16
0.274747,6,6.89609,7.81812,8.78889,9.82533,10.9365,12.1222,13.3737,14.6739,16
0.278788,6,6.90458,7.83407,8.81038,9.84977,10.9609,12.1437,13.3896,14.6824,16
0.282828,6,6.91273,7.84939,8.83103,9.87325,10.9844,12.1644,13.405,14.6905,16
0.286869,6,6.92056,7.86411,8.85085,9.89579,11.0069,12.1842,13.4197,14.6984,16
0.290909,6,6.92809,7.87825,8.8699,9.91745,11.0286,12.2032,13.4338,14.7059,16
0.294949,6,6.93531,7.89183,8.88819,9.93825,11.0494,12.2215,13.4474,14.7131,16
0.29899,6,6.94225,7.90487,8.90577,9.95824,11.0694,12.2391,13.4604,14.72,16
0.30303,6,6.94892,7.9174,8.92264,9.97743,11.0885,12.256,13.473,14.7267,16
0.307071,6,6.95532,7.92943,8.93886,9.99586,11.107,12.2722,13.485,14.7331,16
0.311111,6,6.96147,7.94099,8.95443,10.0136,11.1247,12.2878,13.4965,14.7393,16
0.315152,6,6.96738,7.95209,8.96939,10.0306,11.1417,12.3027,13.5076,14.7452,16
0.319192,6,6.97305,7.96275,8.98375,10.0469,11.158,12.3171,13.5183,14.7508,16
0.323232,6,6.9785,7.973,8.99755,10.0626,11.1737,12.3309,13.5286,14.7563,16
0.327273,6,6.98373,7.98283,9.01081,10.0777,11.1888,12.3441,13.5384,14.7615,16
0.331313,6,6.98876,7.99228,9.02354,10.0922,11.2033,12.3569,13.5478,14.7665,16
0.335354,6,6.99359,8.00136,9.03577,10.1061,11.2172,12.3691,13.5569,14.7714,16
0.339394,6,6.99823,8.01008,9.04751,10.1194,11.2305,12.3808,13.5656,14.776,16
0.343434,6,7.00269,8.01845,9.0588,10.1323,11.2434,12.3921,13.574,14.7805,16
0.347475,6,7.00697,8.0265,9.06963,10.1446,11.2557,12.403,13.5821,14.7847,16
0.351515,6,7.01108,8.03422,9.08004,10.1564,11.2675,12.4134,13.5898,14.7889,16
0.355556,6,7.01503,8.04164,9.09004,10.1678,11.2789,12.4234,13.5972,14.7928,16
0.359596,6,7.01882,8.04877,9.09964,10.1787,11.2898,12.433,13.6043,14.7966,16
0.363636,6,7.02246,8.05562,9.10887,10.1892,11.3003,12.4422,13.6112,14.8002,16
0.367677,6,7.02596,8.0622,9.11773,10.1993,11.3104,12.4511,13.6178,14.8037,16
0.371717,6,7.02932,8.06851,9.12624,10.2089,11.3201,12.4596,13.6241,14.8071,16
0.375758,6,7.03255,8.07458,9.13442,10.2182,11.3294,12.4677,13.6301,14.8103,16
0.379798,6,7.03565,8.08041,9.14227,10.2272,11.3383,12.4756,13.636,14.8134,16
0.383838,6,7.03863,8.08601,9.14981,10.2357,11.3469,12.4831,13.6416,14.8164,16
0.387879,6,7.04149,8.09138,9.15705,10.244,11.3551,12.4904,13.6469,14.8193,16
0.391919,6,7.04424,8.09655,9.16401,10.2519,11.363,12.4973,13.6521,14.822,16
0.39596,6,7.04688,8.10151,9.1707,10.2595,11.3706,12.504,13.6571,14.8247,16
0.4,6,7.04942,8.10627,9.17712,10.2668,11.3779,12.5104,13.6618,14.8272,16
